0	1.134149939e-16	1.185142395e-16	0	1.570796327
67929184.55	2.233270432e-06	2.893511709e-07	4.53728173e-05	1.570796327
135858369.1	3.99699733e-07	6.529677338e-07	0.0001528760696	1.570796326
203787553.6	2.078446537e-06	6.787585283e-07	0.0002609146284	1.570796326
271716738.2	2.888310289e-06	9.65279616e-07	0.0003058307961	1.570796326
339645922.7	1.990894275e-06	9.360591536e-07	0.0002628445934	1.570796326
407575107.3	5.247546855e-07	1.950056418e-07	0.000160258816	1.570796326
475504291.8	2.84798151e-06	2.958443055e-07	7.608213924e-05	1.570796327
543433476.4	7.665938591e-07	4.684921332e-07	7.109363996e-05	1.570796327
611362660.9	2.169937334e-06	3.014383522e-07	9.19650114e-05	1.570796326
679291845.5	1.544627116e-06	2.020657497e-07	0.0001769498175	1.570796326
747221030	3.098660888e-06	9.388358526e-07	0.0002779848649	1.570796326
815150214.6	1.706002423e-06	9.667851279e-07	0.0003219351534	1.570796326
883079399.1	3.593553242e-06	6.729833766e-07	0.0002829464825	1.570796326
951008583.7	2.406909997e-06	6.482771148e-07	0.0001951328966	1.570796326
1018937768	3.065235872e-06	2.935868977e-07	0.0001401596585	1.570796326
1086866953	2.177696471e-06	4.607296559e-09	0.0001421858917	1.570796326
1154796137	5.131676918e-06	2.843117685e-07	0.0001577951379	1.570796325
1222725322	3.087543331e-06	6.596466155e-07	0.00022186968	1.570796326
1290654506	3.407991276e-06	6.844353927e-07	0.0003105358052	1.570796326
1358583691	6.73095149e-06	9.63431995e-07	0.0003519171839	1.570796326
1426512876	4.368174036e-06	9.327105717e-07	0.0003182544657	1.570796326
1494442060	4.977166325e-06	1.893608004e-07	0.0002463409183	1.570796325
1562371245	7.710294356e-06	2.915501704e-07	0.0002089499752	1.570796325
1630300429	5.760347511e-06	4.684297477e-07	0.0002132757824	1.570796325
1698229614	7.245265131e-06	3.042927802e-07	0.00022682929	1.570796325
1766158798	8.017890298e-06	2.077517451e-07	0.000277776444	1.570796325
1834087983	9.497850979e-06	9.401371025e-07	0.0003546126426	1.570796326
1902017167	8.778601407e-06	9.685137056e-07	0.0003926478917	1.570796326
1969946352	1.14019202e-05	6.679979282e-07	0.0003642442874	1.570796326
2037875536	1.221897017e-05	6.454683574e-07	0.0003053717778	1.570796326
2105804721	1.255831061e-05	2.975900647e-07	0.0002787542681	1.570796325
2173733906	1.365286562e-05	5.952599352e-09	0.0002843692234	1.570796325
2241663090	1.629478494e-05	2.800988873e-07	0.0002970324158	1.570796326
2309592275	1.716811363e-05	6.624616451e-07	0.0003396705179	1.570796326
2377521459	1.755128935e-05	6.897671955e-07	0.0004066328581	1.570796326
2445450644	2.299277001e-05	9.615628531e-07	0.0004411251288	1.570796326
2513379828	2.165141675e-05	9.311494936e-07	0.0004171248116	1.570796326
2581309013	2.553301244e-05	1.829874123e-07	0.0003684883123	1.570796326
2649238197	2.79793294e-05	2.878491434e-07	0.000348951571	1.570796326
2717167382	3.094769709e-05	4.683043958e-07	0.0003554675807	1.570796326
2785096567	3.21884362e-05	3.097332246e-07	0.0003676093794	1.570796326
2853025751	3.779181745e-05	2.144104406e-07	0.0004047796593	1.570796326
2920954936	4.134255693e-05	9.436132935e-07	0.0004637147764	1.570796326
2988884120	4.360778038e-05	9.701434955e-07	0.0004950799036	1.570796326
3056813305	4.974544593e-05	6.615948809e-07	0.000474669627	1.570796326
3124742489	5.512922096e-05	6.383355171e-07	0.0004342496307	1.570796326
3192671674	5.818117833e-05	3.026775793e-07	0.0004195557013	1.570796326
3260600858	6.647938895e-05	1.144017314e-08	0.0004265632364	1.570796326
3328530043	7.208426308e-05	2.746732936e-07	0.0004381684918	1.570796326
3396459227	7.973823672e-05	6.695085089e-07	0.0004714413524	1.570796326
3464388412	8.635694171e-05	6.965595409e-07	0.0005240434238	1.570796325
3532317597	9.778982814e-05	9.59453251e-07	0.0005529502531	1.570796325
3600246781	0.0001047665921	9.271640186e-07	0.0005356658404	1.570796326
3668175966	0.0001166170438	1.753488322e-07	0.000501719808	1.570796325
3736105150	0.0001279740601	2.811235808e-07	0.000490469893	1.570796325
3804034335	0.0001419783658	4.680530351e-07	0.0004976478981	1.570796325
3871963519	0.000153561771	3.151268123e-07	0.0005087811614	1.570796325
3939892704	0.0001712146498	2.223102435e-07	0.0005389906912	1.570796325
4007821888	0.0001886242222	9.4567503e-07	0.0005867815231	1.570796325
4075751073	0.000204730401	9.720226583e-07	0.0006135884773	1.570796325
4143680258	0.0002282439411	6.550253381e-07	0.0005990323527	1.570796325
4211609442	0.0002507266367	6.349232326e-07	0.0005699878807	1.570796325
4279538627	0.0002738033631	3.071715288e-07	0.0005613884772	1.570796325
4347467811	0.0003036601177	1.52997252e-08	0.0005687362016	1.570796324
4415396996	0.0003332175477	2.700282881e-07	0.0005796560133	1.570796325
4483326180	0.0003662861458	6.727691821e-07	0.0006074536852	1.570796325
4551255365	0.0004023332801	7.014015227e-07	0.0006511975107	1.570796325
4619184549	0.0004447399968	9.567598617e-07	0.0006762681109	1.570796325
4687113734	0.000487688971	9.261601241e-07	0.0006638588766	1.570796325
4755042918	0.0005366467778	1.706052954e-07	0.0006385809148	1.570796325
4822972103	0.0005916399569	2.784364311e-07	0.0006321670579	1.570796325
4890901288	0.0006505789356	4.677670291e-07	0.0006398295769	1.570796325
4958830472	0.0007147788639	3.18860134e-07	0.0006507539497	1.570796325
5026759657	0.0007866574269	2.280087065e-07	0.000676736961	1.570796325
5094688841	0.0008671420529	9.458329158e-07	0.0007170703361	1.570796324
5162618026	0.0009507502522	9.751625998e-07	0.0007404605365	1.570796324
5230547210	0.001049886605	6.480997214e-07	0.0007296503539	1.570796324
5298476395	0.001153543263	6.294163374e-07	0.0007076676125	1.570796324
5366405579	0.001269341753	3.128871186e-07	0.0007029573139	1.570796324
5434334764	0.00139559926	2.064403644e-08	0.0007109461195	1.570796324
5502263948	0.001537288611	2.629942802e-07	0.000721753561	1.570796323
5570193133	0.00168882328	6.77876978e-07	0.00074638836	1.570796322
5638122318	0.001858702888	7.101562498e-07	0.0007839183171	1.570796321
5706051502	0.002047506136	9.510550163e-07	0.0008057983654	1.57079632
5773980687	0.002251490739	9.250173122e-07	0.0007964047312	1.570796319
5841909871	0.002477014079	1.60972826e-07	0.0007773558524	1.570796318
5909839056	0.002727497307	2.683376155e-07	0.0007740060605	1.570796317
5977768240	0.002997647181	4.67106848e-07	0.000782015607	1.570796315
6045697425	0.003298366079	3.290965561e-07	0.0007926030075	1.570796312
6113626609	0.003628300482	2.402031462e-07	0.0008159866897	1.57079631
6181555794	0.003994152898	9.44418181e-07	0.0008513615131	1.570796307
6249484979	0.004392876491	9.839532757e-07	0.0008720924191	1.570796303
6317414163	0.004837168759	6.329521542e-07	0.0008640541422	1.570796298
6385343348	0.005321437201	6.246226476e-07	0.0008474894629	1.570796292
6453272532	0.005854488879	3.234136951e-07	0.0008451177727	1.570796285
6521201717	0.006438402997	3.772009699e-08	0.000853152434	1.570796277
6589130901	0.007084697716	2.500394879e-07	0.0008634134663	1.570796266
6657060086	0.007792108756	6.809252836e-07	0.0008858038286	1.570796254
6724989270	0.008573937144	7.307314982e-07	0.0009191587581	1.57079624
6792918455	0.00943909786	9.327467763e-07	0.0009391209118	1.570796222
6860847639	0.0103850167	9.344652189e-07	0.0009324083819	1.5707962
6928776824	0.01142764181	1.535217305e-07	0.0009174756347	1.570796174
6996706009	0.01257350628	2.520498323e-07	0.0009162808787	1.570796141
7064635193	0.01382797097	4.663579803e-07	0.0009241577365	1.570796103
7132564378	0.01521074516	3.46342223e-07	0.0009346951501	1.570796057
7200493562	0.01673464476	2.627755158e-07	0.0009559353809	1.570796001
7268422747	0.0184150719	9.230384374e-07	0.000987868237	1.570795932
7336351931	0.02026454734	1.019948004e-06	0.001006981395	1.57079585
7404281116	0.02230301876	5.921989858e-07	0.001001014622	1.570795749
7472210300	0.024540842	6.258939938e-07	0.0009878903611	1.570795628
7540139485	0.02699523392	3.571057624e-07	0.0009870860085	1.570795482
7608068670	0.02969317406	9.137979789e-08	0.0009956455061	1.570795305
7675997854	0.03266071959	2.132461916e-07	0.001005915182	1.570795091
7743927039	0.03593000005	6.772379306e-07	0.00102734719	1.570794831
7811856223	0.03953294523	8.038890234e-07	0.001057687888	1.570794516
7879785408	0.04350813242	8.57177819e-07	0.001076466241	1.570794134
7947714592	0.04787408229	9.916472727e-07	0.001071512625	1.570793673
8015643777	0.05267340248	1.710067291e-07	0.001058981253	1.570793114
8083572961	0.05793813196	2.001325563e-07	0.001059221018	1.57079244
8151502146	0.06371922228	4.829462916e-07	0.00106689732	1.570791625
8219431330	0.07007225412	4.386352219e-07	0.001078841073	1.57079064
8287360515	0.07707344024	3.737255593e-07	0.001099993158	1.570789445
8355289700	0.08478461578	8.309613493e-07	0.001132589178	1.570787996
8423218884	0.09327293716	1.191887748e-06	0.001151979118	1.570786241
8491148069	0.1026044992	4.291722815e-07	0.001147026777	1.570784117
8559077253	0.1128391717	6.801698003e-07	0.001135847013	1.570781552
8627006438	0.1240493766	5.487239054e-07	0.001132775428	1.57077846
8694935622	0.1363413128	3.511519976e-07	0.001142152259	1.570774726
8762864807	0.1498251153	2.507865336e-07	0.001154508912	1.570770217
8830793991	0.1646358593	7.368815489e-07	0.001184948424	1.570764762
8898723176	0.1809041624	1.17471337e-06	0.001225174743	1.570758161
8966652361	0.1987521299	5.214847174e-07	0.001253388509	1.57075018
9034581545	0.2182772829	1.362852401e-06	0.00125132881	1.570740554
9102510730	0.2395673977	6.198878505e-07	0.001230427611	1.570728969
9170439914	0.2627512049	4.821780075e-07	0.001222759395	1.570715057
9238369099	0.2879479637	9.150987419e-07	0.001226083298	1.570698359
9306298283	0.3153346052	1.127280894e-06	0.00125694778	1.57067832
9374227468	0.3450620563	1.121904476e-06	0.001317250387	1.570654257
9442156652	0.3772580992	7.864042043e-07	0.001412594781	1.570625412
9510085837	0.4119721572	2.42947954e-06	0.001479917579	1.570590922
9578015021	0.4491597667	8.787799257e-07	0.001479387701	1.570549883
9645944206	0.4887252396	1.760781982e-06	0.001432595838	1.570501282
9713873391	0.5304929891	2.361166374e-06	0.00137912701	1.570444042
9781802575	0.5742757896	2.403888404e-06	0.001389413345	1.570376886
9849731760	0.6198325816	2.303536557e-06	0.001485307107	1.570298417
9917660944	0.6667327064	3.217981309e-06	0.001752639245	1.570207205
9985590129	0.7144170678	4.815030026e-06	0.00212312907	1.570101774
1.005351931e+10	0.7620137842	2.77428196e-06	0.002463395745	1.569981141
1.01214485e+10	0.8085007814	6.185231708e-06	0.002581509939	1.569844526
1.018937768e+10	0.852618696	6.364101229e-06	0.002415542599	1.56969196
1.025730687e+10	0.8931412712	6.465173776e-06	0.00225666981	1.569523673
1.032523605e+10	0.9287673354	8.253558055e-06	0.002445091532	1.56934068
1.039316524e+10	0.9583088114	1.030556202e-05	0.003769924014	1.569144239
1.046109442e+10	0.9806599178	1.085538455e-05	0.00770705837	1.568936029
1.052902361e+10	0.9947761251	1.093976829e-05	0.0197281863	1.568719409
1.059695279e+10	0.9999775156	1.597240369e-05	0.3448926875	1.568497939
1.066488197e+10	0.9959872379	1.435492151e-05	3.117083117	1.568276403
1.073281116e+10	0.9830211844	1.646142743e-05	3.13084749	1.568058953
1.080074034e+10	0.9617447501	1.894684558e-05	3.134980674	1.567849725
1.086866953e+10	0.9331072632	1.96756073e-05	3.136150696	1.567651614
1.093659871e+10	0.8982100059	2.000768095e-05	3.136162336	1.567466647
1.10045279e+10	0.8582524956	2.175023114e-05	3.135820621	1.567296267
1.107245708e+10	0.8144733928	2.388327504e-05	3.135667639	1.567141368
1.114038627e+10	0.7682298502	2.185160708e-05	3.135809582	1.567002656
1.120831545e+10	0.7207187416	2.49957992e-05	3.136194433	1.566879925
1.127624464e+10	0.6730489999	2.48969606e-05	3.136643908	1.566772682
1.134417382e+10	0.626032627	2.478112388e-05	3.136936503	1.566679697
1.1412103e+10	0.5802948619	2.551335564e-05	3.137012896	1.566599653
1.148003219e+10	0.5362376547	2.627700538e-05	3.13689999	1.56653105
1.154796137e+10	0.4941395438	2.630912e-05	3.136708471	1.566472497
1.161589056e+10	0.4542523837	2.556015196e-05	3.136557257	1.566422781
1.168381974e+10	0.4167195618	2.776541183e-05	3.136536647	1.566380778
1.175174893e+10	0.3816892825	2.617484722e-05	3.136643421	1.566345494
1.181967811e+10	0.3491879809	2.690447869e-05	3.136805911	1.56631597
1.18876073e+10	0.3191571238	2.728756017e-05	3.13694131	1.566291341
1.195553648e+10	0.291477865	2.72120928e-05	3.136978274	1.56627081
1.202346567e+10	0.2659768376	2.703220864e-05	3.13690611	1.56625369
1.209139485e+10	0.2425147727	2.717576044e-05	3.136774206	1.566239425
1.215932403e+10	0.2209542141	2.814692877e-05	3.136664352	1.566227543
1.222725322e+10	0.2011922557	2.647029232e-05	3.136634615	1.566217672
1.22951824e+10	0.1831311273	2.80780059e-05	3.136701348	1.566209493
1.236311159e+10	0.1666681267	2.754351455e-05	3.136825354	1.566202729
1.243104077e+10	0.1516770333	2.739382388e-05	3.136933076	1.566197139
1.249896996e+10	0.1380211247	2.757183301e-05	3.136963899	1.566192514
1.256689914e+10	0.1255709732	2.78263396e-05	3.136903187	1.566188685
1.263482833e+10	0.1142010238	2.783739253e-05	3.136787981	1.566185509
1.270275751e+10	0.1038250632	2.696836147e-05	3.136684368	1.566182877
1.27706867e+10	0.09436958141	2.865996702e-05	3.13665519	1.566180699
1.283861588e+10	0.08576461597	2.718687616e-05	3.136716114	1.566178899
1.290654506e+10	0.0779497172	2.77684581e-05	3.136830255	1.566177414
1.297447425e+10	0.07085826446	2.794985219e-05	3.136932923	1.56617619
1.304240343e+10	0.06440956962	2.78364339e-05	3.136963235	1.566175178
1.311033262e+10	0.05854234403	2.763312066e-05	3.136904172	1.566174343
1.31782618e+10	0.05319356393	2.765126988e-05	3.136790557	1.566173651
1.324619099e+10	0.04831926531	2.855714773e-05	3.136690539	1.566173078
1.331412017e+10	0.0438748916	2.69069298e-05	3.136661468	1.566172604
1.338204936e+10	0.03984075049	2.840220909e-05	3.136720907	1.566172213
1.344997854e+10	0.03617487506	2.785010093e-05	3.136834448	1.56617189
1.351790773e+10	0.03284652734	2.768902824e-05	3.136934965	1.566171625
1.358583691e+10	0.02982631938	2.782054138e-05	3.136964012	1.566171406
1.365376609e+10	0.0270754986	2.804244538e-05	3.136904958	1.566171225
1.372169528e+10	0.02456973156	2.805344944e-05	3.136792323	1.566171075
1.378962446e+10	0.02228585355	2.715589186e-05	3.13669227	1.566170951
1.385755365e+10	0.02021315239	2.881484437e-05	3.136663679	1.566170849
1.392548283e+10	0.01832893589	2.734643711e-05	3.136723282	1.566170765
1.399341202e+10	0.01662991287	2.789973868e-05	3.136836034	1.566170696
1.40613412e+10	0.01509907538	2.806838756e-05	3.136936296	1.566170639
1.412927039e+10	0.01372711618	2.794773171e-05	3.136964855	1.566170594
1.419719957e+10	0.01250010853	2.773466302e-05	3.136905249	1.566170557
1.426512876e+10	0.01142207774	2.773201511e-05	3.136792112	1.566170527
1.433305794e+10	0.01048763466	2.864064202e-05	3.136692531	1.566170504
1.440098712e+10	0.009699677	2.698043388e-05	3.136664455	1.566170485
1.446891631e+10	0.00907662418	2.845527725e-05	3.136724584	1.566170472
1.453684549e+10	0.008619966601	2.790987346e-05	3.136837448	1.566170462
1.460477468e+10	0.008340800542	2.773946382e-05	3.136937014	1.566170457
1.467270386e+10	0.008245218536	2.785814948e-05	3.136964533	1.566170455
1.474063305e+10	0.008340905185	2.807644415e-05	3.136904078	1.566170457
1.480856223e+10	0.008615659841	2.809125446e-05	3.13679092	1.566170463
1.487649142e+10	0.009069669758	2.717430922e-05	3.136691543	1.566170472
1.49444206e+10	0.009698973246	2.883207016e-05	3.136663974	1.566170485
1.501234979e+10	0.01047854353	2.73685371e-05	3.136724279	1.566170504
1.508027897e+10	0.01141184589	2.790353112e-05	3.136837152	1.566170528
1.514820815e+10	0.01249185856	2.807256903e-05	3.136936295	1.566170557
1.521613734e+10	0.01371314965	2.795110114e-05	3.136963308	1.566170594
1.528406652e+10	0.01508479334	2.773135591e-05	3.136902442	1.56617064
1.535199571e+10	0.01661648735	2.771567406e-05	3.13678889	1.566170695
1.541992489e+10	0.01831685226	2.86327198e-05	3.136689501	1.566170765
1.548785408e+10	0.0201953502	2.69623362e-05	3.136662342	1.566170848
1.555578326e+10	0.02227033024	2.842322344e-05	3.136723339	1.56617095
1.562371245e+10	0.0245499921	2.788571348e-05	3.136836118	1.566171073
1.569164163e+10	0.02704891104	2.770494839e-05	3.136934988	1.566171222
1.575957082e+10	0.0297980653	2.781291965e-05	3.136961154	1.566171403
1.58275e+10	0.03281794021	2.802755843e-05	3.136899212	1.566171622
1.589542918e+10	0.03614475052	2.804413567e-05	3.136785045	1.566171888
1.596335837e+10	0.03980870163	2.71048275e-05	3.136685922	1.56617221
1.603128755e+10	0.04384701337	2.876246639e-05	3.136659122	1.566172601
1.609921674e+10	0.04828091963	2.729682553e-05	3.136720339	1.566173074
1.616714592e+10	0.05314975507	2.780859328e-05	3.136833933	1.566173646
1.623507511e+10	0.05848940066	2.797487793e-05	3.136932815	1.566174337
1.630300429e+10	0.06435072476	2.784573497e-05	3.136958433	1.566175171
1.637093348e+10	0.07079164641	2.760752167e-05	3.136895668	1.56617618
1.643886266e+10	0.07788671339	2.757510058e-05	3.136780658	1.566177403
1.650679185e+10	0.08570281246	2.849583706e-05	3.136679115	1.566178887
1.657472103e+10	0.09429963531	2.678730177e-05	3.136651803	1.566180684
1.664265021e+10	0.1037498205	2.823466116e-05	3.13671478	1.566182859
1.67105794e+10	0.1141081157	2.769244935e-05	3.136829655	1.566185484
1.677850858e+10	0.1254566426	2.747116381e-05	3.136931509	1.566188651
1.684643777e+10	0.1378930161	2.755484794e-05	3.136958396	1.566192471
1.691436695e+10	0.1515435105	2.775899945e-05	3.136892442	1.56619709
1.698229614e+10	0.1665314444	2.773743867e-05	3.136769245	1.566202675
1.705022532e+10	0.1829969947	2.672616355e-05	3.136662323	1.566209435
1.711815451e+10	0.2010529748	2.841330878e-05	3.136630191	1.566217606
1.718608369e+10	0.220794191	2.684366586e-05	3.136694137	1.566227459
1.725401288e+10	0.2423167782	2.728239484e-05	3.136823396	1.566239311
1.732194206e+10	0.2657490116	2.745812704e-05	3.136937223	1.566253546
1.738987124e+10	0.2912160669	2.723673087e-05	3.136968749	1.566270626
1.745780043e+10	0.3188828038	2.683047086e-05	3.136891631	1.566291129
1.752572961e+10	0.3489241974	2.676918627e-05	3.136738996	1.566315742
1.75936588e+10	0.3814248197	2.768147648e-05	3.136587201	1.566345241
1.766158798e+10	0.4164528566	2.551368553e-05	3.136529516	1.566380497
1.772951717e+10	0.4539445317	2.70432393e-05	3.136607085	1.566422419
1.779744635e+10	0.4937928851	2.633718948e-05	3.136776505	1.566472041
1.786537554e+10	0.5358216478	2.560481048e-05	3.136952659	1.566530439
1.793330472e+10	0.5798552476	2.547706841e-05	3.137002449	1.566598926
1.800123391e+10	0.6255991193	2.560505727e-05	3.13684632	1.566678898
1.806916309e+10	0.672632747	2.487347937e-05	3.136492431	1.5667718
1.813709227e+10	0.7203582608	2.297750968e-05	3.136087436	1.566879071
1.820502146e+10	0.767872986	2.505954115e-05	3.135798138	1.567001659
1.827295064e+10	0.8141377547	2.18883395e-05	3.135786389	1.567140277
1.834087983e+10	0.8578784822	2.137227609e-05	3.136080026	1.567294822
1.840880901e+10	0.8978623814	2.133021962e-05	3.136352324	1.567465006
1.84767382e+10	0.9327962753	1.9774305e-05	3.136115917	1.567649751
1.854466738e+10	0.9615022813	1.747671893e-05	3.134503872	1.567847762
1.861259657e+10	0.9828803717	1.681418097e-05	3.130014104	1.568057216
1.868052575e+10	0.9959180881	1.702040138e-05	3.115721908	1.568274638
1.874845494e+10	0.9999815442	1.181373724e-05	0.3813703295	1.568496385
1.881638412e+10	0.9948549663	1.334109409e-05	0.01838473639	1.568717632
1.88843133e+10	0.9808112324	1.143108318e-05	0.006896968492	1.568934275
1.895224249e+10	0.9585609907	8.914782148e-06	0.00333336164	1.569142282
1.902017167e+10	0.9290875698	8.177850601e-06	0.002390773354	1.569338825
1.908810086e+10	0.8934896173	7.78551771e-06	0.002354939293	1.56952207
1.915603004e+10	0.8529926389	6.240412894e-06	0.002587869271	1.569690547
1.922395923e+10	0.8088352094	4.008785389e-06	0.002616959234	1.569843463
1.929188841e+10	0.7623727467	5.987112837e-06	0.002382449048	1.569980166
1.93598176e+10	0.7147744546	3.038016025e-06	0.001971313209	1.570100927
1.942774678e+10	0.6671549383	3.002124722e-06	0.00157602355	1.570206333
1.949567597e+10	0.62026505	3.171504147e-06	0.001374738084	1.570297632
1.956360515e+10	0.5747143551	2.444127396e-06	0.001305808729	1.570376173
1.963153433e+10	0.5309017099	1.677772378e-06	0.001333302016	1.57044345
1.969946352e+10	0.489065982	1.812467022e-06	0.001388525411	1.570500841
1.97673927e+10	0.4494589285	2.425631556e-06	0.001434400432	1.570549532
1.983532189e+10	0.4122351191	2.889281832e-07	0.001400925083	1.570590646
1.990325107e+10	0.3775213624	1.931444464e-06	0.001306555182	1.570625162
1.997118026e+10	0.3453283934	1.072658404e-06	0.001220147811	1.570654033
2.003910944e+10	0.3156079069	6.866405079e-07	0.001164016066	1.570678107
2.010703863e+10	0.2882037213	9.831991339e-07	0.001148833097	1.570698182
2.017496781e+10	0.2629752449	1.010903507e-06	0.001146538789	1.570714915
2.0242897e+10	0.2397620293	8.319563399e-07	0.001166744086	1.570728861
2.031082618e+10	0.2184336673	8.396431652e-07	0.00118269024	1.570740472
2.037875536e+10	0.1988875276	1.544458991e-06	0.001174276142	1.570750116
2.044668455e+10	0.1810402547	1.307870074e-07	0.001136764347	1.570758104
2.051461373e+10	0.1647737809	8.010165765e-07	0.001093833574	1.57076471
2.058254292e+10	0.1499599899	7.433979728e-07	0.001072634859	1.57077017
2.06504721e+10	0.1364688946	4.309224603e-07	0.001060046327	1.570774685
2.071840129e+10	0.1241632264	3.099964686e-07	0.001056651368	1.570778426
2.078633047e+10	0.1129306758	8.912039614e-07	0.001063513129	1.570781528
2.085425966e+10	0.1026798393	1.019031267e-06	0.001077970292	1.5707841
2.092218884e+10	0.09334233227	7.567546453e-07	0.001073429435	1.570786227
2.099011803e+10	0.08484784531	1.132107057e-06	0.001044417892	1.570787984
2.105804721e+10	0.07713748958	2.310396863e-07	0.001013616285	1.570789433
2.112597639e+10	0.0701381029	3.018341074e-07	0.0009956427912	1.570790629
2.119390558e+10	0.06378015048	6.290334891e-07	0.0009868162007	1.570791616
2.126183476e+10	0.05798969685	6.046953033e-07	0.0009800448855	1.570792433
2.132976395e+10	0.05271791557	3.567146161e-07	0.0009874480967	1.570793109
2.139769313e+10	0.04791256635	1.019682977e-06	0.001001014294	1.570793669
2.146562232e+10	0.04353704783	1.153316052e-06	0.0009982071598	1.570794132
2.15335515e+10	0.03956530181	4.084790963e-07	0.0009711186915	1.570794514
2.160148069e+10	0.03596209044	7.220432176e-07	0.0009403241036	1.57079483
2.166940987e+10	0.03269024734	5.62524655e-07	0.0009242708693	1.57079509
2.173733906e+10	0.02972259117	2.40950252e-07	0.0009145108837	1.570795304
2.180526824e+10	0.02702219173	2.905228512e-07	0.0009087313678	1.570795481
2.187319742e+10	0.02456192865	9.07227271e-07	0.0009162501664	1.570795627
2.194112661e+10	0.02231922754	8.312700273e-07	0.0009318139113	1.570795749
2.200905579e+10	0.02028402624	9.030521349e-07	0.0009291195531	1.570795849
2.207698498e+10	0.01842970123	1.038889809e-06	0.0009004638485	1.570795932
2.214491416e+10	0.01674998587	1.233714019e-07	0.0008692091637	1.570796
2.221284335e+10	0.01522880167	3.250566667e-07	0.0008525147164	1.570796057
2.228077253e+10	0.01384389543	6.204258151e-07	0.0008435698299	1.570796103
2.234870172e+10	0.01258659698	5.708830878e-07	0.0008377729438	1.570796142
2.24166309e+10	0.01144049321	2.729658599e-07	0.0008467321055	1.570796174
2.248456009e+10	0.01039857207	1.075916262e-06	0.0008639313619	1.5707962
2.255248927e+10	0.009446652531	1.08627694e-06	0.0008617007851	1.570796222
2.262041845e+10	0.008586840992	4.690110973e-07	0.0008319577109	1.57079624
2.268834764e+10	0.007804062576	7.17812479e-07	0.0007986867151	1.570796255
2.275627682e+10	0.007095526007	5.436965017e-07	0.000781587035	1.570796267
2.282420601e+10	0.006450406768	2.172003867e-07	0.0007722526871	1.570796278
2.289213519e+10	0.005867661796	3.040758607e-07	0.000766788766	1.570796286
2.296006438e+10	0.00533275274	9.207015704e-07	0.0007774163783	1.570796293
2.302799356e+10	0.004847088888	7.969890411e-07	0.000797046052	1.570796298
2.309592275e+10	0.004407569775	9.327898391e-07	0.0007953482885	1.570796303
2.316385193e+10	0.004005714618	1.019737504e-06	0.0007635245265	1.570796307
2.323178112e+10	0.003641674626	1.149198709e-07	0.00072836189	1.570796311
2.32997103e+10	0.003314455223	3.317755944e-07	0.0007105250448	1.570796314
2.336763948e+10	0.003015354899	6.204656588e-07	0.0007012603948	1.570796315
2.343556867e+10	0.002742761855	5.711944357e-07	0.000696229632	1.570796317
2.350349785e+10	0.00249624532	2.616331282e-07	0.0007090197109	1.570796319
2.357142704e+10	0.002273726384	1.090074219e-06	0.0007312929877	1.57079632
2.363935622e+10	0.002066668305	1.072967276e-06	0.0007297845702	1.570796321
2.370728541e+10	0.001884510322	4.758040444e-07	0.0006956901122	1.570796321
2.377521459e+10	0.001718366468	7.122491249e-07	0.0006578056155	1.570796322
2.384314378e+10	0.001565790118	5.44074978e-07	0.0006393029724	1.570796322
2.391107296e+10	0.001432091019	2.156633598e-07	0.0006301630233	1.570796323
2.397900215e+10	0.001309143985	3.026774723e-07	0.0006257640356	1.570796323
2.404693133e+10	0.001199560149	9.259002439e-07	0.00064108137	1.570796324
2.411486052e+10	0.001099598856	7.935588973e-07	0.0006663190658	1.570796324
2.41827897e+10	0.001014566844	9.364174081e-07	0.0006655571043	1.570796325
2.425071888e+10	0.000935572054	1.014501211e-06	0.0006290508136	1.570796325
2.431864807e+10	0.0008702863839	1.175347579e-07	0.0005881320691	1.570796325
2.438657725e+10	0.0008128083774	3.31591963e-07	0.0005683918834	1.570796326
2.445450644e+10	0.0007678164041	6.19558068e-07	0.0005590061645	1.570796326
2.452243562e+10	0.0007287875584	5.738937922e-07	0.0005550552208	1.570796326
2.459036481e+10	0.0007036409	2.640772206e-07	0.0005735158681	1.570796326
2.465829399e+10	0.0006858572626	1.093977104e-06	0.0006029082635	1.570796325
2.472622318e+10	0.0006801477294	1.070682761e-06	0.0006027679091	1.570796325
2.479415236e+10	0.0006831717036	4.713002065e-07	0.0005628682655	1.570796325
2.486208155e+10	0.0006981704776	7.060030361e-07	0.0005181780437	1.570796325
2.493001073e+10	0.0007215633441	5.472951604e-07	0.0004972894924	1.570796326
2.499793991e+10	0.0007570718142	2.190349587e-07	0.0004880081832	1.570796325
2.50658691e+10	0.0007997125909	2.966200315e-07	0.0004851269438	1.570796325
2.513379828e+10	0.0008549213681	9.324335467e-07	0.0005076486729	1.570796325
2.520172747e+10	0.0009198055537	7.964643745e-07	0.0005414985747	1.570796325
2.526965665e+10	0.0009918522383	9.349384255e-07	0.0005419864913	1.570796325
2.533758584e+10	0.001078461473	1.010184817e-06	0.0004984427657	1.570796325
2.540551502e+10	0.00117398033	1.23212602e-07	0.0004487929258	1.570796324
2.547344421e+10	0.001279061746	3.280922492e-07	0.0004261586663	1.570796323
2.554137339e+10	0.001398732651	6.184565166e-07	0.0004168691043	1.570796324
2.560930258e+10	0.001531776876	5.772158293e-07	0.0004150582827	1.570796323
2.567723176e+10	0.001677811356	2.679310636e-07	0.0004427651241	1.570796323
2.574516094e+10	0.00183993822	1.096659787e-06	0.0004824445249	1.570796322
2.581309013e+10	0.002021554863	1.068715738e-06	0.0004842038207	1.570796321
2.588101931e+10	0.002219298644	4.686570458e-07	0.0004361761718	1.570796321
2.59489485e+10	0.002436744394	7.026206684e-07	0.00038043678	1.57079632
2.601687768e+10	0.002679613357	5.4914794e-07	0.0003552904928	1.570796319
2.608480687e+10	0.00294240058	2.205159477e-07	0.0003457758694	1.570796317
2.615273605e+10	0.003234664669	2.934073625e-07	0.0003454711465	1.570796315
2.622066524e+10	0.00355565133	9.380742352e-07	0.0003802819761	1.570796312
2.628859442e+10	0.003912669248	7.955131306e-07	0.0004274353534	1.570796308
2.635652361e+10	0.004301041878	9.380445488e-07	0.0004301992819	1.570796305
2.642445279e+10	0.004733882867	1.002171902e-06	0.0003765108176	1.5707963
2.649238197e+10	0.005206315595	1.282057422e-07	0.0003124697768	1.570796295
2.656031116e+10	0.005726236896	3.26729302e-07	0.0002841986428	1.570796288
2.662824034e+10	0.006295532205	6.183137906e-07	0.0002747319666	1.57079628
2.669616953e+10	0.006926669104	5.81451561e-07	0.0002771691385	1.57079627
2.676409871e+10	0.007618188283	2.640418629e-07	0.0003217681869	1.570796259
2.68320279e+10	0.008380910092	1.108128432e-06	0.0003775586932	1.570796245
2.689995708e+10	0.009226492156	1.05637437e-06	0.0003819370792	1.570796228
2.696788627e+10	0.01015005776	4.794267451e-07	0.0003222182656	1.570796207
2.703581545e+10	0.01116756327	7.009167291e-07	0.0002471262633	1.570796182
2.710374464e+10	0.01228576036	5.476992414e-07	0.0002131830885	1.570796151
2.717167382e+10	0.0135126838	2.151839936e-07	0.0002036546997	1.570796116
2.7239603e+10	0.01486164254	3.02838827e-07	0.0002096883264	1.570796071
2.730753219e+10	0.0163517814	9.502224887e-07	0.0002686154395	1.570796017
2.737546137e+10	0.01799423599	7.697402687e-07	0.0003354735776	1.570795952
2.744339056e+10	0.01980117282	9.683437549e-07	0.0003418165999	1.570795873
2.751131974e+10	0.02179148832	9.851279611e-07	0.0002754366179	1.570795777
2.757924893e+10	0.02397728805	1.249376501e-07	0.0001853456635	1.570795662
2.764717811e+10	0.02637259616	3.486946291e-07	0.0001426399286	1.570795523
2.77151073e+10	0.02900915187	6.291667048e-07	0.0001322716823	1.570795353
2.778303648e+10	0.03190809864	5.790583233e-07	0.0001467133629	1.570795149
2.785096567e+10	0.03510454169	2.147638517e-07	0.0002262767827	1.570794901
2.791889485e+10	0.03862638741	1.162873768e-06	0.0003046724233	1.5707946
2.798682403e+10	0.04251019851	9.985671676e-07	0.0003129396983	1.570794235
2.805475322e+10	0.04677561862	5.538237129e-07	0.0002405115769	1.570793794
2.81226824e+10	0.05146123826	7.140544368e-07	0.0001331894505	1.570793261
2.819061159e+10	0.05660203981	5.44175602e-07	7.119205166e-05	1.570792618
2.825854077e+10	0.06224993328	2.121282763e-07	6.116452937e-05	1.57079184
2.832646996e+10	0.06845935801	3.843266857e-07	9.440904536e-05	1.570790899
2.839439914e+10	0.07530349267	1.010699003e-06	0.0002006742457	1.570789759
2.846232833e+10	0.08284480941	6.349393951e-07	0.0002903421966	1.570788375
2.853025751e+10	0.09113967496	1.133263158e-06	0.0003015932229	1.5707867
2.85981867e+10	0.1002573567	9.34113461e-07	0.0002256715122	1.570784672
2.866611588e+10	0.1102531285	2.197029795e-07	0.0001073841189	1.570782226
2.873404506e+10	0.1212060844	5.102762552e-07	1.467818838e-05	1.570779274
2.880197425e+10	0.1332162911	7.524448297e-07	1.459827147e-05	1.570775712
2.886990343e+10	0.1464060106	6.089465515e-07	8.323254043e-05	1.570771404
2.893783262e+10	0.160895134	1.372215828e-07	0.0002077155839	1.570766192
2.90057618e+10	0.176815243	1.473314186e-06	0.0003062732039	1.570759883
2.907369099e+10	0.1942732239	7.726994846e-07	0.0003241330475	1.570752257
2.914162017e+10	0.2133692646	9.804853294e-07	0.0002524705282	1.570743062
2.920954936e+10	0.2342016544	9.756910781e-07	0.0001366647682	1.570732002
2.927747854e+10	0.2568802524	7.82112735e-07	9.087828514e-05	1.570718707
2.934540773e+10	0.2815641284	6.354723012e-07	9.949957468e-05	1.570702749
2.941333691e+10	0.3084108825	1.071571667e-06	0.000152527361	1.570683575
2.948126609e+10	0.3375934678	1.577910368e-06	0.0002890048293	1.570660538
2.954919528e+10	0.3692144559	1.384425305e-07	0.0004309394877	1.570632905
2.961712446e+10	0.4033249049	2.31543845e-06	0.0004802893056	1.570599853
2.968505365e+10	0.4398904901	1.412463547e-06	0.0004092861472	1.570560514
2.975298283e+10	0.4788460271	1.448273576e-06	0.0002914994231	1.570513901
2.982091202e+10	0.5200527956	2.177758e-06	0.0002344093181	1.570458951
2.98888412e+10	0.5633555858	2.607794011e-06	0.0002668443326	1.570394374
2.995677039e+10	0.6085314345	2.282025316e-06	0.0003901275274	1.570318772
3.002469957e+10	0.6551897657	2.743065437e-06	0.0007361235406	1.570230706
3.009262876e+10	0.7028127311	4.957413768e-06	0.001132290792	1.570128747
3.016055794e+10	0.750463228	2.891661786e-06	0.00139297457	1.57001188
3.022848712e+10	0.7972975403	5.683573997e-06	0.001437512583	1.569879388
3.029641631e+10	0.8420460397	6.498015544e-06	0.001135224401	1.569731071
3.036434549e+10	0.8834880412	6.656827484e-06	0.001031814436	1.569566861
3.043227468e+10	0.9203869444	7.807836392e-06	0.001332215697	1.569387684
3.050020386e+10	0.9515409251	1.004966329e-05	0.002837415314	1.569194614
3.056813305e+10	0.9757763244	1.105891695e-05	0.006475698791	1.568989326
3.063606223e+10	0.9920160213	1.035376442e-05	0.01542839136	1.568774991
3.070399142e+10	0.999516574	1.552770681e-05	0.07002112711	1.568555074
3.07719206e+10	0.9979143768	1.453646096e-05	3.109395325	1.568334117
3.083984979e+10	0.987318205	1.588872403e-05	3.129781516	1.568116191
3.090777897e+10	0.9682663388	1.846054603e-05	3.134412759	1.567905307
3.097570815e+10	0.9415779837	1.962898483e-05	3.135552119	1.567704347
3.104363734e+10	0.9082876886	1.968626819e-05	3.135496785	1.567515658
3.111156652e+10	0.8695683968	2.114742536e-05	3.135180511	1.567341086
3.117949571e+10	0.8266697465	2.395273366e-05	3.135173667	1.567181771
3.124742489e+10	0.780968124	2.182240572e-05	3.135467873	1.567038708
3.131535408e+10	0.7336618184	2.469153306e-05	3.135997402	1.566911835
3.138328326e+10	0.6860624521	2.509775933e-05	3.136491711	1.566800662
3.145121245e+10	0.6388843223	2.507099185e-05	3.136783544	1.566704055
3.151914163e+10	0.5927885594	2.550989277e-05	3.136834916	1.566620792
3.158707082e+10	0.5483564467	2.643718699e-05	3.136674839	1.566549262
3.1655e+10	0.505786034	2.673707143e-05	3.136478192	1.566488151
3.172292918e+10	0.4653816392	2.56029339e-05	3.136355312	1.566436242
3.179085837e+10	0.4273697742	2.792236087e-05	3.136381278	1.566392366
3.185878755e+10	0.3918798741	2.662895622e-05	3.136530851	1.566355505
3.192671674e+10	0.3589491051	2.69890452e-05	3.13670644	1.566324647
3.199464592e+10	0.3285322519	2.747503817e-05	3.136829339	1.566298894
3.206257511e+10	0.3004903728	2.754644733e-05	3.136838008	1.5662774
3.213050429e+10	0.2746802829	2.729912687e-05	3.136743245	1.566259475
3.219843348e+10	0.2509642515	2.723733677e-05	3.136606661	1.566244533
3.226636266e+10	0.2292251532	2.850732096e-05	3.136516433	1.566232096
3.233429185e+10	0.2093754704	2.677430275e-05	3.136516976	1.566221777
3.240222103e+10	0.1913285582	2.812705188e-05	3.136607484	1.56621324
3.247015021e+10	0.1749872922	2.79069962e-05	3.136739335	1.566206199
3.25380794e+10	0.1602298758	2.767346681e-05	3.136833429	1.566200396
3.260600858e+10	0.1469404459	2.773404741e-05	3.136840536	1.566195619
3.267393777e+10	0.1350148066	2.803899579e-05	3.136760621	1.566191691
3.274186695e+10	0.124364885	2.824765131e-05	3.136643818	1.566188468
3.280979614e+10	0.1149503436	2.710520878e-05	3.136556694	1.566185844
3.287772532e+10	0.1067458959	2.885857942e-05	3.136554208	1.566183728
3.294565451e+10	0.09974256103	2.763780525e-05	3.136637184	1.566182047
3.301358369e+10	0.09393827798	2.791706433e-05	3.136756816	1.56618074
3.308151288e+10	0.08933063341	2.819719512e-05	3.136845754	1.566179759
3.314944206e+10	0.0859278857	2.820253267e-05	3.136853622	1.566179067
3.321737124e+10	0.08373684505	2.796336457e-05	3.136775966	1.566178636
3.328530043e+10	0.08278157817	2.780018157e-05	3.136660626	1.566178451
3.335322961e+10	0.0830760298	2.898716722e-05	3.136576537	1.566178508
3.34211588e+10	0.08462258507	2.729695966e-05	3.136573153	1.566178809
3.348908798e+10	0.08740811319	2.856316123e-05	3.136653777	1.566179365
3.355701717e+10	0.09140132262	2.83262631e-05	3.136774086	1.566180194
3.362494635e+10	0.09658160878	2.809158157e-05	3.136862538	1.566181326
3.369287554e+10	0.1029319953	2.813149481e-05	3.136868914	1.566182798
3.376080472e+10	0.1104659208	2.842223683e-05	3.136791417	1.566184667
3.382873391e+10	0.1192155624	2.864299815e-05	3.136674802	1.566187007
3.389666309e+10	0.1292146585	2.748429906e-05	3.136587348	1.566189902
3.396459227e+10	0.1405049285	2.92579469e-05	3.136583798	1.566193456
3.403252146e+10	0.1531332403	2.804921031e-05	3.136668121	1.566197791
3.410045064e+10	0.1671526245	2.832046701e-05	3.136790704	1.566203051
3.416837983e+10	0.1826419209	2.864208066e-05	3.136883515	1.566209415
3.423630901e+10	0.199713411	2.868410147e-05	3.136892894	1.566217105
3.43042382e+10	0.2185130027	2.843980429e-05	3.136809477	1.566226405
3.437216738e+10	0.2391794602	2.832273673e-05	3.136680858	1.566237642
3.444009657e+10	0.2618578206	2.964000999e-05	3.136585172	1.566251216
3.450802575e+10	0.2866527775	2.787390879e-05	3.136577282	1.566267572
3.457595494e+10	0.3136405724	2.929486345e-05	3.136667898	1.566287215
3.464388412e+10	0.3428864006	2.920449529e-05	3.136813735	1.566310724
3.47118133e+10	0.3744712132	2.896242708e-05	3.136929478	1.566338799
3.477974249e+10	0.4084814083	2.912329747e-05	3.136940178	1.56637227
3.484767167e+10	0.4449924809	2.974208194e-05	3.136833198	1.566412127
3.491560086e+10	0.484048317	3.007206283e-05	3.136652764	1.566459523
3.498353004e+10	0.5255393965	2.884883112e-05	3.136484961	1.566515652
3.505145923e+10	0.5692365878	3.151748611e-05	3.136442343	1.566581796
3.511938841e+10	0.6147167984	3.032334569e-05	3.136573972	1.566659122
3.51873176e+10	0.6615319962	3.079606417e-05	3.136794228	1.566748875
3.525524678e+10	0.708945771	3.210952389e-05	3.136994231	1.566852213
3.532317597e+10	0.7563164475	3.27814622e-05	3.136967599	1.566970305
3.539110515e+10	0.8027683439	3.276403528e-05	3.136632942	1.56710418
3.545903433e+10	0.8471674261	3.357229786e-05	3.135937927	1.567254397
3.552696352e+10	0.8882932929	3.664279081e-05	3.135070359	1.567421152
3.55948927e+10	0.9247600893	3.442052737e-05	3.134251545	1.567603241
3.566282189e+10	0.9552130492	3.792938865e-05	3.133655183	1.567798967
3.573075107e+10	0.978411597	3.945996304e-05	3.13318986	1.568005397
3.579868026e+10	0.9934845329	3.971015005e-05	3.130434504	1.568219775
3.586660944e+10	0.999813826	4.116637344e-05	3.08196794	1.568438797
3.593453863e+10	0.9971203135	4.386527096e-05	0.01867507312	1.568658708
3.600246781e+10	0.9854847886	4.501281968e-05	0.01087191587	1.568875949
3.6070397e+10	0.9653812353	4.414983103e-05	0.008373545589	1.569086627
3.613832618e+10	0.9376351439	4.903922149e-05	0.006391489934	1.569287409
3.620625536e+10	0.9034288435	4.800011933e-05	0.004701921346	1.569475037
3.627418455e+10	0.8640671502	4.899729798e-05	0.003633960293	1.569647635
3.634211373e+10	0.8209506043	5.101791329e-05	0.003097149528	1.569804026
3.641004292e+10	0.7752991462	5.184628907e-05	0.002960530773	1.569944343
3.64779721e+10	0.7281289061	5.155088159e-05	0.003033277574	1.570068776
3.654590129e+10	0.6804618214	5.202047017e-05	0.003139231295	1.570178145
3.661383047e+10	0.6332534474	5.423673232e-05	0.003153221877	1.57027355
3.668175966e+10	0.587081449	5.215769116e-05	0.003036603124	1.570355794
3.674968884e+10	0.5425949953	5.410435153e-05	0.002858428575	1.570426213
3.681761803e+10	0.5002594026	5.426490716e-05	0.002695722684	1.570486062
3.688554721e+10	0.4602783077	5.402370719e-05	0.002616622847	1.570536708
3.695347639e+10	0.4227692818	5.424024889e-05	0.002591136488	1.570579441
3.702140558e+10	0.3876796819	5.481321956e-05	0.002610522478	1.570615404
3.708933476e+10	0.3550050101	5.510697255e-05	0.002632234075	1.570645638
3.715726395e+10	0.324706092	5.389769896e-05	0.002642381808	1.570670966
3.722519313e+10	0.2967387737	5.590797174e-05	0.002614330433	1.570692116
3.729312232e+10	0.2710520481	5.470294028e-05	0.002562078531	1.57070971
3.73610515e+10	0.2475433204	5.496942637e-05	0.002519574157	1.570724309
3.742898069e+10	0.2260822695	5.533739961e-05	0.002491519469	1.57073641
3.749690987e+10	0.2065012033	5.540209381e-05	0.002482641974	1.570746444
3.756483906e+10	0.1886444287	5.516362529e-05	0.002478808842	1.570754768
3.763276824e+10	0.1723836352	5.498836591e-05	0.002484919981	1.570761671
3.770069742e+10	0.1576157248	5.62675469e-05	0.002484914494	1.570767386
3.776862661e+10	0.1442632106	5.45579469e-05	0.00247170384	1.570772102
3.783655579e+10	0.1322633335	5.580753037e-05	0.002447835078	1.570775976
3.790448498e+10	0.121545738	5.562179276e-05	0.002424559509	1.570779149
3.797241416e+10	0.1120361832	5.53850875e-05	0.0024116956	1.570781735
3.804034335e+10	0.1036722994	5.540936815e-05	0.002401387487	1.570783834
3.810827253e+10	0.09640542942	5.569040868e-05	0.002395788382	1.570785524
3.817620172e+10	0.09021083413	5.595193008e-05	0.002394757685	1.570786867
3.82441309e+10	0.08509218182	5.474921924e-05	0.002395112829	1.570787908
3.831206009e+10	0.08106975694	5.648973844e-05	0.002384953123	1.570788684
3.837998927e+10	0.07816271555	5.532066626e-05	0.002365417152	1.570789221
3.844791845e+10	0.07638835381	5.554883401e-05	0.002347967781	1.570789539
3.851584764e+10	0.07575400321	5.582375045e-05	0.002336894277	1.57078965
3.858377682e+10	0.07625869809	5.585317091e-05	0.00232778246	1.570789561
3.865170601e+10	0.07789892739	5.56202456e-05	0.002320241882	1.570789269
3.871963519e+10	0.08066870491	5.539608879e-05	0.002317740445	1.570788759
3.878756438e+10	0.0845572736	5.664374052e-05	0.002316403483	1.570788014
3.885549356e+10	0.08955151829	5.494973973e-05	0.002306328093	1.570787004
3.892342275e+10	0.09563055416	5.616393605e-05	0.002287767774	1.570785697
3.899135193e+10	0.1027861841	5.598134072e-05	0.002272878545	1.570784048
3.905928112e+10	0.111031172	5.574477347e-05	0.002262368767	1.570781998
3.91272103e+10	0.1204002445	5.576359047e-05	0.002253493236	1.570779473
3.919513948e+10	0.1309563311	5.605545086e-05	0.002241296215	1.57077638
3.926306867e+10	0.1427833735	5.633592272e-05	0.002235052472	1.5707726
3.933099785e+10	0.1559619148	5.511456713e-05	0.002228417518	1.570767995
3.939892704e+10	0.1705676991	5.691577081e-05	0.002215097026	1.570762404
3.946685622e+10	0.1866788714	5.576002603e-05	0.002198197569	1.570755639
3.953478541e+10	0.2043787073	5.598493343e-05	0.002185036962	1.570747476
3.960271459e+10	0.2237693936	5.633352017e-05	0.00218261739	1.570737646
3.967064378e+10	0.2449959525	5.642456039e-05	0.002168245363	1.570725808
3.973857296e+10	0.2682216041	5.618213595e-05	0.002145571416	1.570711545
3.980650215e+10	0.2936002296	5.603318319e-05	0.002112674421	1.570694362
3.987443133e+10	0.3212735228	5.748852621e-05	0.002085518697	1.570673679
3.994236052e+10	0.3513158882	5.567901347e-05	0.002057654309	1.570648861
4.00102897e+10	0.3837712952	5.712550566e-05	0.002037474843	1.570619188
4.007821888e+10	0.4186428655	5.717783539e-05	0.002048499401	1.570583868
4.014614807e+10	0.4559034916	5.694010001e-05	0.002060505307	1.570541926
4.021407725e+10	0.4955755706	5.713343865e-05	0.002039547122	1.570492278
4.028200644e+10	0.5376070793	5.79233343e-05	0.001937154615	1.570433684
4.034993562e+10	0.581717265	5.841523324e-05	0.00181112682	1.570364656
4.041786481e+10	0.6276872057	5.711918606e-05	0.001694221667	1.570283962
4.048579399e+10	0.6748490932	6.014409506e-05	0.00160991579	1.570190177
4.055372318e+10	0.7225306819	5.904664445e-05	0.001562983912	1.570082383
4.062165236e+10	0.7697871444	5.968871187e-05	0.001565053456	1.569959552
4.068958155e+10	0.8157226537	6.137151826e-05	0.001644830785	1.569821295
4.075751073e+10	0.8591339158	6.234785665e-05	0.001484375467	1.569666985
4.082543991e+10	0.8989091448	6.232500815e-05	0.001198412386	1.569496744
4.08933691e+10	0.9337338079	6.36189818e-05	0.002285619063	1.569311346
4.096129828e+10	0.9623277811	6.719222381e-05	0.004787398091	1.569112244
4.102922747e+10	0.983440045	6.480186453e-05	0.008693683253	1.568902534
4.109715665e+10	0.9961705854	6.828326027e-05	0.01809706352	1.568685545
4.116508584e+10	0.9999691835	6.989489992e-05	2.955798094	1.568465499
4.123301502e+10	0.9947262248	6.99398116e-05	3.126826438	1.568246132
4.130094421e+10	0.9807073451	7.112577084e-05	3.131865964	1.5680312
4.136887339e+10	0.9584997242	7.348748632e-05	3.132461583	1.567823928
4.143680258e+10	0.9289454519	7.456887348e-05	3.13256577	1.567627044
4.150473176e+10	0.8932002312	7.343188812e-05	3.13283719	1.567443375
4.157266094e+10	0.8525802473	7.781416221e-05	3.133557443	1.567274642
4.164059013e+10	0.8084628343	7.679560705e-05	3.134459751	1.567122088
4.170851931e+10	0.7621886913	7.743097129e-05	3.135165179	1.566986023
4.17764485e+10	0.7148695728	7.891161992e-05	3.1355811	1.566866096
4.184437768e+10	0.6674813112	7.955260419e-05	3.135613672	1.566761141
4.191230687e+10	0.6206879288	7.946338835e-05	3.135460278	1.566669984
4.198023605e+10	0.5751363526	7.977135395e-05	3.135281529	1.566591374
4.204816524e+10	0.5313010099	8.17241933e-05	3.135213896	1.566523956
4.211609442e+10	0.4895398278	7.97750163e-05	3.135300428	1.566466628
4.218402361e+10	0.4501763054	8.138197239e-05	3.135492399	1.566418144
4.225195279e+10	0.4133565904	8.149222934e-05	3.135701208	1.566377375
4.231988197e+10	0.3791001425	8.123300632e-05	3.135818653	1.566343172
4.238781116e+10	0.3473405531	8.133600553e-05	3.135816804	1.566314533
4.245574034e+10	0.3179670762	8.180947002e-05	3.135717737	1.566290565
4.252366953e+10	0.2908630056	8.213670599e-05	3.135599767	1.56627053
4.259159871e+10	0.2659501748	8.087644202e-05	3.135529312	1.566253827
4.26595279e+10	0.2431500836	8.277745087e-05	3.135552949	1.566239945
4.272745708e+10	0.2223860671	8.165595082e-05	3.135656513	1.56622845
4.279538627e+10	0.2035499549	8.184089969e-05	3.135777228	1.566218953
4.286331545e+10	0.1865299098	8.218827339e-05	3.135857596	1.566211126
4.293124464e+10	0.1711846843	8.226374991e-05	3.135855802	1.566204673
4.299917382e+10	0.1574065548	8.202517835e-05	3.135781867	1.566199366
4.3067103e+10	0.1451138047	8.178927142e-05	3.135682397	1.566195015
4.313503219e+10	0.1342565778	8.310299822e-05	3.135621699	1.566191472
4.320296137e+10	0.1248172854	8.141148685e-05	3.135635763	1.56618862
4.327089056e+10	0.1167904046	8.257848776e-05	3.135718341	1.566186361
4.333881974e+10	0.1101760402	8.245708973e-05	3.135826937	1.566184614
4.340674893e+10	0.1049720047	8.221240713e-05	3.13589795	1.566183311
4.347467811e+10	0.1011884997	8.220309267e-05	3.135896147	1.566182404
4.35426073e+10	0.09884427567	8.249163181e-05	3.135826774	1.566181858
4.361053648e+10	0.09795731254	8.279916358e-05	3.135733442	1.566181656
4.367846567e+10	0.09854995357	8.154976164e-05	3.135672069	1.566181791
4.374639485e+10	0.1006186608	8.328915181e-05	3.135684602	1.56618227
4.381432403e+10	0.104143581	8.219364599e-05	3.13576639	1.566183109
4.388225322e+10	0.1090927107	8.235603907e-05	3.135871084	1.566184336
4.39501824e+10	0.1154299716	8.265672104e-05	3.135940942	1.566185991
4.401811159e+10	0.1231517731	8.272414395e-05	3.135940771	1.566188138
4.408604077e+10	0.1322700107	8.248756414e-05	3.13587101	1.566190854
4.415396996e+10	0.142817048	8.223019577e-05	3.135776135	1.566194241
4.422189914e+10	0.1548398961	8.356520519e-05	3.135715986	1.566198426
4.428982833e+10	0.1683824004	8.186529904e-05	3.135729147	1.566203555
4.435775751e+10	0.1834910539	8.304523123e-05	3.135812281	1.5662098
4.44256867e+10	0.2002237696	8.297312959e-05	3.135920578	1.566217366
4.449361588e+10	0.2186763502	8.272714252e-05	3.135996345	1.566226508
4.456154506e+10	0.23897116	8.274009198e-05	3.135994533	1.566237543
4.462947425e+10	0.2612527226	8.312208503e-05	3.135925512	1.566250854
4.469740343e+10	0.2856869595	8.34795184e-05	3.135827025	1.566266923
4.476533262e+10	0.312384478	8.217535072e-05	3.135761825	1.566286276
4.48332618e+10	0.3414410466	8.419711119e-05	3.135776739	1.566309523
4.490119099e+10	0.3728822155	8.311038474e-05	3.135872535	1.566337335
4.496912017e+10	0.4067369427	8.328934896e-05	3.135999478	1.566370487
4.503704936e+10	0.4430120345	8.389526521e-05	3.136087724	1.566409871
4.510497854e+10	0.4817127704	8.420114707e-05	3.136101764	1.566456561
4.517290773e+10	0.5228210258	8.394795674e-05	3.136021166	1.566511811
4.524083691e+10	0.5661763751	8.404106571e-05	3.135898984	1.566576942
4.530876609e+10	0.6115000518	8.615469084e-05	3.135813052	1.566653376
4.537669528e+10	0.658297274	8.40838276e-05	3.135808397	1.566742312
4.544462446e+10	0.7059006012	8.608404588e-05	3.135958237	1.56684497
4.551255365e+10	0.7533486065	8.706871797e-05	3.136158336	1.566962297
4.558048283e+10	0.7998550174	8.713606821e-05	3.136346029	1.567095003
4.564841202e+10	0.8442389821	8.780051606e-05	3.136291746	1.567243788
4.57163412e+10	0.8854475899	8.97579808e-05	3.135886302	1.567408541
4.578427039e+10	0.9222233463	9.094938295e-05	3.134933332	1.567588972
4.585219957e+10	0.9531446236	8.966099575e-05	3.133223078	1.567783619
4.592012876e+10	0.9770029066	9.460686208e-05	3.130779951	1.567990141
4.598805794e+10	0.9927266525	9.400523911e-05	3.126113602	1.568204907
4.605598712e+10	0.9996727213	9.50572848e-05	3.086803231	1.568424262
4.612391631e+10	0.9975814958	9.776716022e-05	0.01731938035	1.568644099
4.619184549e+10	0.9865790787	9.939760993e-05	0.009055691703	1.568861013
4.625977468e+10	0.967134013	9.955980975e-05	0.0080031881	1.569071458
4.632770386e+10	0.9400240449	0.000100860688	0.007799179656	1.569272323
4.639563305e+10	0.9062787759	0.000104492242	0.007333341532	1.569461051
4.646356223e+10	0.8671890928	0.0001023304539	0.006598602285	1.569635116
4.653149142e+10	0.8241503435	0.0001051157331	0.005823726574	1.569793255
4.65994206e+10	0.7785895843	0.0001061793846	0.005156108967	1.569934964
4.666734979e+10	0.731519592	0.0001061178742	0.004762998117	1.57006044
4.673527897e+10	0.6840106886	0.0001065663335	0.004743348923	1.570170406
4.680320815e+10	0.6369379211	0.0001077478862	0.00496720372	1.570266276
4.687113734e+10	0.5908524605	0.0001083460115	0.005116435814	1.570349251
4.693906652e+10	0.5463181227	0.0001069856086	0.005168582609	1.570420484
4.700699571e+10	0.5037628615	0.0001095334162	0.005100389553	1.570481224
4.707492489e+10	0.4635499143	0.0001084624297	0.00496967992	1.570532634
4.714285408e+10	0.4258091428	0.0001086539578	0.004864723336	1.570575943
4.721078326e+10	0.3906652871	0.0001092373155	0.004803008047	1.570612303
4.727871245e+10	0.3580169994	0.0001094527648	0.004794041746	1.570642791
4.734664163e+10	0.3277640948	0.0001092053738	0.004800878545	1.570668335
4.741457082e+10	0.2998186167	0.0001090016695	0.004817011571	1.570689697
4.74825e+10	0.2740882771	0.0001105048979	0.004812764267	1.570707525
